0.26 0.29 0.07 0.88 0.05 0.90 0.00 0.10 8 40 40
0.48 0.33 0.11 0.04 0.07 0.96 0.09 0.07 7 33 35
0.30 0.36 0.11 0.86 0.93 0.07 1.00 0.95 6 216 219
0.25 0.33 0.62 0.90 0.96 0.96 1.00 0.98 7 252 254
0.17 0.15 0.57 0.13 0.87 0.07 0.96 1.00 8 212 212
0.31 0.09 0.53 0.96 0.96 0.11 0.04 0.02 8 28 28
0.32 0.32 0.08 0.16 0.11 0.05 1.00 1.00 7 192 194
0.23 0.38 0.08 0.06 0.92 0.98 0.04 0.00 7 48 50
0.51 0.37 0.66 0.17 0.93 0.10 0.95 0.95 6 213 214
0.32 0.36 0.61 0.93 0.09 0.02 0.02 0.04 6 12 15
0.49 0.28 0.05 0.86 1.00 0.09 0.93 0.07 8 89 89
0.28 0.30 0.77 0.84 0.98 0.12 0.95 0.02 7 92 94
0.24 0.10 0.60 0.10 0.02 0.00 0.95 0.00 8 68 68
0.38 0.22 0.78 0.96 0.12 0.92 0.96 0.94 7 236 237
0.34 0.09 0.55 0.06 0.09 0.06 0.91 1.00 8 196 196
0.38 0.19 0.07 0.00 0.03 0.97 1.00 0.12 7 96 97
0.28 0.21 0.70 0.95 0.98 0.07 0.02 0.02 8 28 28
0.41 0.41 0.22 0.05 0.95 0.05 0.10 0.05 8 19 19
0.26 0.07 0.52 0.04 0.89 0.96 0.96 0.02 8 116 116
0.24 0.20 0.65 0.93 0.09 0.04 0.93 1.00 8 204 204
0.42 0.33 0.16 0.02 0.02 0.07 0.02 1.00 6 129 130
0.44 0.35 0.74 0.07 0.91 0.09 0.05 0.07 7 21 23
0.24 0.32 0.08 0.02 0.04 0.04 0.04 0.06 7 0 2
0.26 0.41 0.18 0.08 0.90 0.15 1.00 0.05 8 82 82
0.31 0.24 0.12 0.86 0.14 0.10 0.90 0.05 8 72 72
0.22 0.27 0.67 0.96 0.02 1.00 0.90 0.94 7 236 238
0.42 0.19 0.53 0.93 0.14 0.07 0.02 0.93 8 141 141
0.21 0.31 0.64 0.95 0.05 0.05 0.05 0.97 7 140 142
0.43 0.22 0.02 0.88 0.96 0.92 0.06 0.02 8 57 57
0.29 0.15 0.65 0.12 0.90 0.96 0.06 0.94 8 180 180
0.43 0.10 0.60 0.90 0.02 0.02 0.86 0.93 7 205 204
0.24 0.31 0.57 0.10 0.94 1.00 0.08 1.00 7 180 182
0.31 0.20 0.64 0.89 0.98 0.04 0.00 0.07 8 28 28
0.39 0.36 0.64 0.05 1.00 0.11 0.98 0.00 6 84 87
0.35 0.21 0.75 0.92 0.94 0.10 0.02 0.00 6 28 31
0.37 0.34 0.63 0.92 0.97 0.11 0.95 1.00 6 220 223
0.40 0.19 0.67 0.08 0.90 0.04 0.92 0.00 7 84 85
0.46 0.21 0.62 0.18 0.85 0.13 0.92 0.95 7 213 212
0.22 0.22 0.62 0.04 0.90 0.92 0.04 0.96 8 180 180
0.28 0.38 0.80 0.93 0.03 0.07 0.03 0.95 7 140 142
0.40 0.16 0.54 0.08 0.88 0.04 0.08 0.02 8 20 20
0.40 0.19 0.70 0.09 0.95 0.02 0.00 0.95 7 148 149
0.38 0.20 0.58 0.02 0.98 0.98 0.07 0.02 7 52 53
0.42 0.26 0.18 0.95 0.05 0.97 0.92 0.11 7 105 107
0.40 0.17 0.65 0.90 0.06 0.00 0.98 1.00 7 204 205
0.22 0.16 0.68 0.11 0.00 0.86 0.97 0.05 8 100 100
0.35 0.23 0.08 0.90 0.08 0.88 0.02 0.96 7 168 169
0.33 0.37 0.57 0.12 0.96 0.00 1.00 0.06 7 84 86
0.21 0.26 0.53 0.88 0.09 0.95 0.09 0.88 8 172 172
0.21 0.23 0.58 0.15 0.04 0.04 0.08 0.96 7 132 133
0.35 0.35 0.15 0.04 0.04 0.94 0.98 0.92 6 224 227
0.39 0.29 0.12 1.00 0.95 0.07 0.05 0.07 7 24 26
0.36 0.17 0.55 0.14 0.05 0.90 0.12 0.05 8 36 36
0.33 0.23 0.60 0.14 0.05 0.88 1.00 0.12 7 100 101
0.36 0.31 0.64 0.98 1.00 0.10 0.05 0.02 6 28 31
0.35 0.41 0.03 0.08 0.05 0.95 0.03 0.00 7 34 35
0.31 0.29 0.71 0.90 0.98 0.05 1.00 0.07 7 92 94
0.29 0.20 0.68 0.07 0.10 0.10 0.07 0.10 7 4 6
0.30 0.25 0.60 0.03 0.03 0.95 1.00 0.05 7 100 102
0.24 0.21 0.57 0.95 0.07 0.05 0.05 0.07 8 12 12
0.32 0.24 0.78 0.89 0.00 0.97 0.00 0.89 8 172 172
0.43 0.19 0.02 0.88 0.14 0.88 0.10 0.05 8 41 41
0.39 0.20 0.05 0.05 0.02 0.02 0.93 0.05 7 64 65
0.21 0.33 0.10 0.94 0.04 0.92 0.96 0.04 7 104 106
0.22 0.17 0.17 0.95 1.00 0.12 0.00 1.00 8 152 152
0.28 0.41 0.74 0.09 0.07 0.04 0.98 0.07 8 70 70
0.50 0.43 0.64 0.10 0.00 0.05 0.98 1.00 8 199 199
0.55 0.13 0.11 0.05 0.05 0.95 0.97 0.97 8 225 225
0.33 0.24 0.09 0.98 0.98 0.11 0.98 1.00 7 216 218
0.24 0.18 0.63 0.98 0.04 0.02 0.94 0.08 8 76 76
0.18 0.18 0.53 0.13 0.87 0.13 0.05 0.05 7 20 21
0.34 0.24 0.74 0.11 0.03 0.89 0.97 0.03 7 100 102
0.41 0.22 0.78 0.90 0.07 0.93 0.05 0.88 8 173 173
0.27 0.32 0.15 0.07 0.05 0.88 0.12 0.93 7 160 162
0.41 0.20 0.49 0.00 0.02 0.15 1.00 0.10 7 69 68
0.25 0.20 0.09 0.86 0.95 0.89 0.98 0.98 8 248 248
0.27 0.20 0.12 0.05 0.00 0.88 0.98 0.05 8 96 96
0.42 0.18 0.60 0.93 0.96 1.00 1.00 1.00 8 253 253
0.42 0.22 0.07 0.87 0.13 0.82 0.93 0.96 8 233 233
0.38 0.25 0.55 0.93 0.12 0.00 0.93 0.20 6 76 79
0.24 0.37 0.66 0.07 0.05 0.02 0.02 0.93 7 132 134
0.36 0.39 0.70 0.06 0.06 0.00 0.09 0.06 6 4 7
0.26 0.24 0.11 0.03 0.92 1.00 0.11 0.95 8 176 176
0.33 0.48 0.09 0.96 0.04 0.98 1.00 1.00 8 234 234
0.35 0.14 0.67 0.95 0.12 0.07 0.07 0.98 7 140 141
0.24 0.37 0.46 0.05 0.98 0.98 0.98 1.00 7 244 246
0.47 0.42 0.11 0.95 0.97 0.05 0.03 0.03 8 27 27
0.24 0.03 0.62 0.09 0.03 0.97 0.97 0.97 8 228 228
0.34 0.34 0.66 0.06 0.91 1.00 0.16 0.97 6 180 183
0.36 0.32 0.21 0.89 0.04 0.07 0.04 1.00 6 136 139
0.41 0.20 0.64 0.07 0.93 0.11 0.07 0.93 7 149 151
0.13 0.54 0.69 0.15 0.87 0.97 0.08 0.95 8 182 182
0.35 0.28 0.65 0.05 0.15 0.07 1.00 0.05 8 68 68
0.30 0.35 0.15 0.11 0.02 0.96 0.93 0.96 7 224 226
0.16 0.32 0.71 0.13 0.03 0.00 0.94 0.06 7 68 70
0.24 0.24 0.07 0.87 0.09 0.93 0.07 0.84 7 168 169
0.25 0.17 0.64 0.92 0.08 0.00 0.94 0.08 8 76 76
0.29 0.23 0.60 0.94 0.20 0.06 0.03 0.97 8 140 140
0.27 0.24 0.14 0.84 0.97 0.95 0.97 0.97 8 248 248
0.32 0.18 0.08 0.05 0.08 0.16 0.97 0.03 7 64 65
